title:Just Another Team

//notes: tags:god-pve
dimwishlist:item=1506719573&perks=1840239774,106909392,1820235745,3425386926
dimwishlist:item=1506719573&perks=1840239774,106909392,1820235745,4049631843

//notes: tags:god-pvp
dimwishlist:item=1506719573&perks=3250034553,3142289711,1359896290,3425386926

//notes: tags:pve
dimwishlist:item=1506719573&perks=1840239774,106909392,1820235745,3425386926
dimwishlist:item=1506719573&perks=1840239774,106909392,1820235745,4049631843
dimwishlist:item=1506719573&perks=1840239774,106909392,1820235745,2726471870
dimwishlist:item=1506719573&perks=1840239774,106909392,1820235745,4082225868
dimwishlist:item=1506719573&perks=1840239774,106909392,3436462433,3425386926
dimwishlist:item=1506719573&perks=1840239774,106909392,3436462433,4049631843
dimwishlist:item=1506719573&perks=1840239774,106909392,3436462433,2726471870
dimwishlist:item=1506719573&perks=1840239774,106909392,3436462433,4082225868
dimwishlist:item=1506719573&perks=1840239774,1087426260,1820235745,3425386926
dimwishlist:item=1506719573&perks=1840239774,1087426260,1820235745,4049631843
dimwishlist:item=1506719573&perks=1840239774,1087426260,1820235745,2726471870
dimwishlist:item=1506719573&perks=1840239774,1087426260,1820235745,4082225868
dimwishlist:item=1506719573&perks=1840239774,1087426260,3436462433,3425386926
dimwishlist:item=1506719573&perks=1840239774,1087426260,3436462433,4049631843
dimwishlist:item=1506719573&perks=1840239774,1087426260,3436462433,2726471870
dimwishlist:item=1506719573&perks=1840239774,1087426260,3436462433,4082225868
dimwishlist:item=1506719573&perks=3250034553,106909392,1820235745,3425386926
dimwishlist:item=1506719573&perks=3250034553,106909392,1820235745,4049631843
dimwishlist:item=1506719573&perks=3250034553,106909392,1820235745,2726471870
dimwishlist:item=1506719573&perks=3250034553,106909392,1820235745,4082225868
dimwishlist:item=1506719573&perks=3250034553,106909392,3436462433,3425386926
dimwishlist:item=1506719573&perks=3250034553,106909392,3436462433,4049631843
dimwishlist:item=1506719573&perks=3250034553,106909392,3436462433,2726471870
dimwishlist:item=1506719573&perks=3250034553,106909392,3436462433,4082225868
dimwishlist:item=1506719573&perks=3250034553,1087426260,1820235745,3425386926
dimwishlist:item=1506719573&perks=3250034553,1087426260,1820235745,4049631843
dimwishlist:item=1506719573&perks=3250034553,1087426260,1820235745,2726471870
dimwishlist:item=1506719573&perks=3250034553,1087426260,1820235745,4082225868
dimwishlist:item=1506719573&perks=3250034553,1087426260,3436462433,3425386926
dimwishlist:item=1506719573&perks=3250034553,1087426260,3436462433,4049631843
dimwishlist:item=1506719573&perks=3250034553,1087426260,3436462433,2726471870
dimwishlist:item=1506719573&perks=3250034553,1087426260,3436462433,4082225868
dimwishlist:item=1506719573&perks=1482024992,106909392,1820235745,3425386926
dimwishlist:item=1506719573&perks=1482024992,106909392,1820235745,4049631843
dimwishlist:item=1506719573&perks=1482024992,106909392,1820235745,2726471870
dimwishlist:item=1506719573&perks=1482024992,106909392,1820235745,4082225868
dimwishlist:item=1506719573&perks=1482024992,106909392,3436462433,3425386926
dimwishlist:item=1506719573&perks=1482024992,106909392,3436462433,4049631843
dimwishlist:item=1506719573&perks=1482024992,106909392,3436462433,2726471870
dimwishlist:item=1506719573&perks=1482024992,106909392,3436462433,4082225868
dimwishlist:item=1506719573&perks=1482024992,1087426260,1820235745,3425386926
dimwishlist:item=1506719573&perks=1482024992,1087426260,1820235745,4049631843
dimwishlist:item=1506719573&perks=1482024992,1087426260,1820235745,2726471870
dimwishlist:item=1506719573&perks=1482024992,1087426260,1820235745,4082225868
dimwishlist:item=1506719573&perks=1482024992,1087426260,3436462433,3425386926
dimwishlist:item=1506719573&perks=1482024992,1087426260,3436462433,4049631843
dimwishlist:item=1506719573&perks=1482024992,1087426260,3436462433,2726471870
dimwishlist:item=1506719573&perks=1482024992,1087426260,3436462433,4082225868
dimwishlist:item=1506719573&perks=4090651448,106909392,1820235745,3425386926
dimwishlist:item=1506719573&perks=4090651448,106909392,1820235745,4049631843
dimwishlist:item=1506719573&perks=4090651448,106909392,1820235745,2726471870
dimwishlist:item=1506719573&perks=4090651448,106909392,1820235745,4082225868
dimwishlist:item=1506719573&perks=4090651448,106909392,3436462433,3425386926
dimwishlist:item=1506719573&perks=4090651448,106909392,3436462433,4049631843
dimwishlist:item=1506719573&perks=4090651448,106909392,3436462433,2726471870
dimwishlist:item=1506719573&perks=4090651448,106909392,3436462433,4082225868
dimwishlist:item=1506719573&perks=4090651448,1087426260,1820235745,3425386926
dimwishlist:item=1506719573&perks=4090651448,1087426260,1820235745,4049631843
dimwishlist:item=1506719573&perks=4090651448,1087426260,1820235745,2726471870
dimwishlist:item=1506719573&perks=4090651448,1087426260,1820235745,4082225868
dimwishlist:item=1506719573&perks=4090651448,1087426260,3436462433,3425386926
dimwishlist:item=1506719573&perks=4090651448,1087426260,3436462433,4049631843
dimwishlist:item=1506719573&perks=4090651448,1087426260,3436462433,2726471870
dimwishlist:item=1506719573&perks=4090651448,1087426260,3436462433,4082225868

//notes: tags:pvp
dimwishlist:item=1506719573&perks=3250034553,3142289711,1359896290,3425386926
dimwishlist:item=1506719573&perks=3250034553,3142289711,706527188,3425386926
dimwishlist:item=1506719573&perks=1392496348,3142289711,1359896290,3425386926
dimwishlist:item=1506719573&perks=1392496348,3142289711,706527188,3425386926
dimwishlist:item=1506719573&perks=1482024992,3142289711,1359896290,3425386926
dimwishlist:item=1506719573&perks=1482024992,3142289711,706527188,3425386926

//notes: tags:pve
dimwishlist:item=1506719573&perks=1820235745,3425386926
dimwishlist:item=1506719573&perks=1820235745,4049631843
dimwishlist:item=1506719573&perks=1820235745,2726471870
dimwishlist:item=1506719573&perks=1820235745,4082225868
dimwishlist:item=1506719573&perks=3436462433,3425386926
dimwishlist:item=1506719573&perks=3436462433,4049631843
dimwishlist:item=1506719573&perks=3436462433,2726471870
dimwishlist:item=1506719573&perks=3436462433,4082225868

//notes: tags:pvp
dimwishlist:item=1506719573&perks=1359896290,3425386926
dimwishlist:item=1506719573&perks=706527188,3425386926

